0.36142506
0.32
0.3388008
0.29968589
0.31123788
0.16351118
0.15729522
0.11015116
0.13621621
0.33152782
0.32035762
0.41244718
0.25018633
0.28231737
0.18136575
0.13
0.32471382
0.28957926
0.35568593
0.31234523
0.32941958
0.16566521
0.16985854
0.21423911
0.25982176
0.45534777
0.17846167
0.47582699
0.16033304
0.27455798
0.22454178
0.25808991
0.28340836
0.35544904
0.32344333
0.19581443
0.32232721
0.41363052
0.17730793
0.28402855
0.16937811
0.21436428
0.20310609
0.27709537
0.17680416
0.20592792
0.15597871
0.29593427
0.20701125
0.23992176
0.27963119
0.13460537
0.15620173
0.09976281
0.14187127
0.17570208
0.26404965
0.26623196
0.25545435
0.23469311
0.24843079
0.25337385
0.14903524
0.16655793
0.21416623
0.22238914
0.21309867
0.24022266
0.23496022
0.23253062
0.2449774
0.27190552
0.13794399
0.3334802
0.31954644
0.28684992
0.13335246
0.25240037
0.20309217
0.20468952
0.22994382
0.21207602
0.3231335
0.16335249
0.16730121
0.16706201
0.16338055
0.16962045
0.26074493
0.30768463
0.23853636
0.27372278
0.30790782
0.21181115
0.22266125
0.15257449
0.30768987
0.29421671
0.30156376
0.26709575
0.18668222
0.19924528
0.12932721
0.35327789
0.26023641
0.30839934
0.21998403
0.24007848
0.15890934
0.36558399
0.40675032
0.12111924
0.15335883
0.36428515
0.33040054
0.3072277
0.42286886
0.35736314
0.15234368
0.40902063
0.37155864
0.27693131
0.37346483
0.29773913
0.25995722
0.28557614
0.42181616
0.29950683
0.28752151
0.32112131
0.28960952
0.48742554
0.22476471
0.22910331
0.23216326
0.22197893
0.24979009
0.37885973
0.34128353
0.33072172
0.34720648
0.36926208
0.33714032
0.32650196
0.40129723
0.47024818
0.3593796
0.39253826
1
