1
0.2462797
0.20601
0.1757539
0.2150198
0.2065713
0.2038654
0.1977698
0.20945
0.3877683
0.3164992
0.3689915
0.3473961
0.2497905
0.3396952
0.2686306
0.3825923
0.2874611
0.2846645
0.2578235
0.2538372
0.2586199
0.2583376
0.2465768
0.2729213
0.2528998
0.210623
0.2335596
0.2085157
0.2057683
0.1550219
0.1873673
0.2491645
0.4274315
0.416061
0.399366
0.3298555
0.2982859
0.3823494
0.3142438
0.3971732
0.3108765
0.3577357
0.3298897
0.256046
0.3541906
0.3721469
0.3291657
0.3741009
0.3371573
0.3469268
0.3617801
0.3524695
0.357559
0.2560554
0.2838678
0.3707373
0.3726875
0.2650856
0.2838708
0.3442948
0.4297935
0.458377
0.3851739
1
