0.1281723
0.1233821
0.226626
0.2367375
0.4345728
0.4453259
0.454984
0.1992929
0.2226675
0.4196695
0.3368739
0.5202656
0.2311206
0.2104366
0.3848084
0.3861972
0.4662289
0.408286
0.334627
0.3651205
0.1315327
0.2193599
0.3530698
0.2610925
0.2213051
0.1872372
0.3768534
0.3373719
0.1871365
0.3015763
0.3443302
0.1493146
0.1836477
0.3212955
0.7466726
0.8217987
0.3866124
0.2569547
0.3292394
0.2981722
0.1573547
0.2603908
0.3021634
0.2480238
0.3524182
0.1909305
0.2010774
0.3620737
0.4077157
0.4749115
0.1349606
0.1272611
0.4202651
0.3929227
0.1543482
0.4099083
0.1495121
0.3127689
0.2118252
0.1914325
0.4071435
0.3257317
0.3648429
0.1244392
0.1266993
0.2029574
0.2254373
0.2340742
0.2392729
0.4474013
0.4386079
0.4511595
1
