0.5134293
0.5542366
0.5157834
0.467351
0.4818218
0.4568593
0.5063031
0.5095968
0.4434
0.4355008
0.531053
0.421259
0.4396647
0.6658737
0.6086668
0.5254859
0.4126717
0.4158003
0.4388716
0.4603843
0.4519967
0.4550552
0.5791196
0.4479744
0.4084815
0.4421677
0.5706872
0.4417879
0.4737195
0.4614262
0.4711385
0.456175
0.4620578
0.4340775
0.4134859
0.4996031
0.4926302
0.5665158
1
0.5077492
0.4190543
0.4307242
0.5164055
0.4471616
0.4201958
0.4851381
0.5324539
0.525258
0.4171153
0.4326814
0.4843782
0.4870886
0.4265894
0.4308398
0.4972175
0.4406508
0.4995443
0.4310781
0.4577689
0.4612412
0.4576007
0.4392039
0.5196989
0.5070718
0.4526686
0.789743
0.5154666
0.5764008
0.4938831
0.4446438
0.4548158
0.4226403
0.4317448
0.4149247
0.4402973
0.4356418
0.4743138
0.5988283
0.5063673
0.5415978
1
