0.6630342
0.5844668
0.5055491
0.4283411
0.2261145
0.5666242
0.5992134
0.6653844
0.3800179
0.607022
0.3577652
0.6962391
0.3210525
0.6152691
0.2768467
0.436696
0.5329697
0.5356972
0.6731047
0.3242494
0.5036621
0.3883205
0.4700133
0.3670748
0.4689528
0.4062085
0.6413748
0.2644603
0.2718515
0.2079801
0.2896954
0.2923517
0.4991805
0.4715957
0.5250433
0.533402
0.5927279
0.3118296
0.4992664
0.5055059
0.4775642
0.4857881
0.4861885
0.5619384
0.3880979
0.3826372
0.5745623
0.3467766
0.3078507
0.4939804
0.4764432
0.5545642
0.411918
0.2906199
0.5284012
0.5267008
0.4770534
0.4282728
0.2932359
0.5491476
0.6389456
0.5648456
0.5425632
0.6425052
0.6259417
0.5352506
0.5829412
0.4948256
0.666581
0.5177545
0.6827936
0.412133
0.3880116
0.402238
0.6632669
0.6381933
0.6204972
0.5954195
0.6785045
0.5588924
1
