0.15039396
0.15256552
0.25392384
0.64849975
0.65107125
0.20671611
0.24616716
0.44973874
0.35062431
0.52028643
0.2590892
0.19106912
0.47183857
0.33074334
0.09961876
0.07078064
0.50099624
0.3658945
0.36287274
0.1462021
0.14607794
0.20346206
0.44020064
0.23658885
0.1851856
0.39387025
0.34689269
0.21589888
0.30233721
0.39045596
0.16510463
0.19002907
0.34867114
0.82411581
0.67953884
0.33208094
0.2369552
0.30076817
0.0877184
0.06587218
0.33960221
0.28328051
0.27315307
0.38704744
0.21155678
0.16884589
0.10002861
0.33450126
0.41122874
0.51994164
0.10872833
0.44706436
0.42115534
0.12532023
0.43532159
0.18048019
0.11193235
0.07507302
0.32561636
0.23682142
0.17388711
0.50237131
0.36846581
0.36376478
0.13676489
0.14595556
0.19514867
0.2701014
0.29702479
0.29625161
0.62303451
0.60961352
1
