1
0.3312785
0.2846451
0.3286668
0.29491
0.3013582
0.2923084
0.2811202
0.2835287
0.271737
0.3130446
0.286963
0.2647157
0.2709786
0.280733
0.2773174
0.273505
0.2874317
0.2883378
0.2822055
0.2797647
0.3081837
0.3038744
0.3296432
0.286155
0.3183552
0.3098722
0.2702095
0.2907859
0.2948089
0.2826746
0.2834744
0.2838634
0.2870164
0.2902862
0.2701791
0.2689264
0.2752966
0.3224272
0.3146435
0.3179732
0.3185464
0.3021125
0.3283177
0.3175517
0.281963
0.3016577
0.3175738
0.2742306
0.2803629
0.3114064
0.2715281
0.2688274
0.2790709
0.2677651
0.3126753
0.3215575
0.2809158
0.3436787
0.2662913
0.4726071
0.4793095
0.2726705
0.4461807
1
