0.3251341
0.30
0.2981416
0.2286132
0.2853971
0.2811422
0.2787726
0.3069473
0.2494799
0.3118401
0.3300045
0.2671907
0.2239924
0.235496
0.2674421
0.25
0.2952437
0.2857078
0.2865331
0.2320889
0.2223966
0.2574113
0.2507841
0.2331527
0.2300249
0.4275364
0.4414984
0.4119233
0.2459807
0.2319544
0.2249434
0.2305603
0.2361864
0.2292012
0.2336179
0.2458302
0.2238009
0.2174484
0.2200458
0.394971
0.2205699
0.2404613
0.2568306
0.2560714
0.2404014
0.2355285
0.4440512
0.2376522
0.2307937
0.2259159
0.2212677
0.2327821
0.2319431
0.2343676
0.2428796
0.2252286
0.2200322
0.2250576
0.2265632
0.2170931
0.2208697
0.2244353
0.2197595
0.2198023
0.2545145
0.253084
0.3096014
0.2344951
0.2981082
0.5520153
0.2363157
0.2340877
0.2302294
0.2503367
0.2529173
0.2366548
0.2135506
0.2308123
0.2377514
0.2525175
0.2520757
0.2875471
0.2465578
0.2558584
0.236399
0.2254777
0.2465835
0.2397054
0.2469624
0.242064
0.2536896
0.2689616
0.2943061
0.3102318
0.3142392
0.2599331
0.3357986
0.3062793
0.269894
0.3758966
0.2933394
0.2958854
0.2600069
0.290148
0.302928
0.2304286
0.2864137
0.2323053
0.2269469
0.2803403
0.2235545
0.2639414
0.2141816
0.3423024
0.2265352
0.2777661
0.2165301
0.2162672
0.2312005
0.2219395
0.2260937
0.5754907
0.2588917
0.2517217
0.2428246
0.278968
0.2968313
0.3051779
0.2849972
0.2636839
0.2441577
0.2277038
0.2740419
0.2513668
0.2340336
0.2194962
0.2548612
0.2387005
0.2404817
0.2422832
0.2604265
0.2428345
0.228127
0.3160056
0.2215074
0.2434671
0.2307847
0.2633984
1
