9 208.954522669381
9 355.524392654459
9 416.451738230754
9 48.6849716432999
9 206.767371852815
9 68.5704830216363
9 50.7993098295955
9 44.4896396775034
9 133.519867658266
9 77.3992470060185
9 104.593778770444
9 42.6174024600275
9 77.8103133846083
9 52.9648712802812
9 393.714349919473
9 223.604090091032
9 73.4826023462872
9 148.814009621064
9 73.3847628345418
9 179.158106567272
10 153.015798175358
10 189.98524887363
10 57.053344566061
10 21.1675301052494
10 97.668577625516
10 58.8106880116314
10 128.402360438567
10 55.1600418646929
10 88.6959340041716
10 151.103108948902
10 59.3604190263809
10 136.855789128302
10 22.532849640342
10 76.2273498648157
10 46.3180147298889
10 165.089473624139
10 65.965188188404
10 108.337056717437
10 46.315357977017
10 41.8292601112128
15 13.7402336837184
15 44.144151185035
15 14.3982802543593
15 38.5624393809429
15 29.2003258265627
15 47.1692993025846
15 31.2481996757675
15 27.8407829673469
15 8.24710448803048
15 42.3249997450332
15 11.2390364918592
15 14.2609981000618
15 114.777713641182
15 81.0890043026061
15 10.3719673073645
15 35.8917303888223
15 18.1497405230535
15 37.411269639609
15 34.1543837478737
15 15.5037774404814
20 7.26432943197328
20 35.9889528246785
20 7.94438821011032
20 10.8675113814237
20 4.26357649403173
20 8.17487442461234
20 5.41933690722912
20 5.35200764620308
20 13.0048646784951
20 4.97560277505185
20 6.62010099568497
20 16.3760689995843
20 5.39632357121978
20 21.4421754729496
20 41.9267600959235
20 8.8625609563249
20 8.13435770718444
20 14.3000563123214
20 13.3314597700353
20 10.1059476769386
23 3.64975828229112
23 5.00617747057438
23 6.9403165247256
23 14.4303182620145
23 5.5428403660476
23 6.62406443409206
23 3.7936220740073
23 13.665137929878
23 7.68621206577349
23 7.79692909864205
23 5.39019423962659
23 5.50967198018416
23 11.6297403857281
23 4.46499201181234
23 4.13415968159203
23 5.21826854592181
23 3.31398930855312
23 2.69145004951293
23 5.39151996659391
23 8.82850649457498
30 2.65919120519566
30 2.76739602431927
30 2.96313964688696
30 5.87374568400689
30 4.01896948824744
30 2.71896791674262
30 4.57545386497711
30 2.84706257391872
30 1.8345911627731
30 4.42156589345161
30 2.17682329390854
30 3.14259900639281
30 1.70572297690948
30 2.6296347720031
30 1.30328265370433
30 2.64000840490383
30 2.32449291143469
30 3.24447271660889
30 3.4536309064407
30 2.80188336206067
35 3.34062901928473
35 1.08618654688096
35 0.812351688211225
35 3.38341154431778
35 0.903476395500926
35 1.09570951425087
35 3.70744707449766
35 4.02020322739406
35 0.413429847302718
35 0.64496605652604
35 1.60280845051008
35 0.788480143703112
35 1.46015181844961
35 0.829404028071952
35 5.7695220058431
35 3.36454839694358
35 0.641634805420288
35 1.97054865383938
35 1.34613455024345
35 2.73392874085048
40 0.826188430296136
40 0.690777106635713
40 0.595199931559601
40 0.518501588884257
40 0.600696223141967
40 0.680444395203357
40 0.951173784523705
40 0.370086834428002
40 0.329952306452832
40 0.965287120259975
40 1.01652742753686
40 1.32792101200608
40 0.387975366918221
40 0.760888284537614
40 0.919530072956972
40 0.46253441774911
40 0.451864023478822
40 0.287515240065937
40 0.625622789991718
40 1.42613338213858
45 0.00000000000000561980156233649
45 0.00000000000000554722798156354
45 0.00000000000000799456945447702
45 0.00000000000000178328223345947
45 0.00000000000000487234880386193
45 0.00000000000000313969422513589
45 0.00000000000000616573729234781
45 0.00000000000000996977803453254
45 0.0000000000000025745447163728
45 0.00000000000000153636575718186
45 0.00000000000000367968176355239
45 0.0000000000000118832766950191
45 0.00000000000000376535866533337
45 0.00000000000000581888212342226
45 0.00000000000000675322301446426
45 0.00000000000000535416492426365
45 0.00000000000000434443476818273
45 0
45 0.00000000000000178931996567113
45 0.00000000000000512900207607427