
19 1209.66536510403
19 289.766093942566
19 804.822408831205
19 841.397062564731
19 249.929921976644
19 173.871703294985
19 1723.37030732922
19 418.815424925159
19 845.267324307845
19 572.226543920479
19 610.801396204796
19 2192.02016690331
19 146.939306519584
19 425.653882471328
19 558.843379606252
19 684.627739320335
19 258.017675507474
19 3170.21296084816
19 1042.40400350321
19 686.647967041843
20 1100.01193987523
20 529.926372572844
20 351.653853480509
20 272.522176763686
20 327.980967382145
20 151.550372677078
20 291.162064872835
20 206.547807778857
20 278.680531893969
20 266.423628672999
20 540.874868811169
20 593.205960132311
20 661.59925105006
20 276.337689317622
20 1192.43847579821
20 164.992477639813
20 135.173310259106
20 138.853268077549
20 72.4391035233418
20 440.3833881669
30 41.008499937377
30 34.0095603944993
30 71.9167928851031
30 76.1414601400019
30 37.1336679923775
30 66.5854159948695
30 48.2802868935217
30 34.9709859478139
30 71.0948770379449
30 58.8694843891693
30 43.1914732826421
30 208.564512378328
30 103.594971876094
30 111.546562225813
30 65.7704832140934
30 147.547253236205
30 88.6054302890296
30 48.1765409529267
30 130.369016596194
30 72.0574276718606
40 23.2639718008397
40 36.77351847776
40 111.59539570425
40 24.6431082507806
40 35.8213114571062
40 15.3037111941451
40 26.1922128440937
40 22.992533149733
40 34.2837742584282
40 19.338245472772
40 64.8131242967957
40 36.6318064511499
40 20.7502675615954
40 38.217011106863
40 21.5105339548488
40 21.3627193811735
40 30.6722866999949
40 35.9414476202661
40 24.1244347979185
40 19.2422098954315
50 15.4482773977415
50 20.626440556569
50 19.6534804033631
50 18.2045766186564
50 14.7661656311628
50 15.0627419530769
50 29.9544294156161
50 15.066989110527
50 21.9409771296016
50 16.2731621187704
50 78.2512937762059
50 32.2393853624594
50 9.25578611776175
50 8.34053029975062
50 12.8677370900242
50 10.5299239522045
50 20.3210069962641
50 11.1240223794376
50 27.2462414239705
50 19.4736655178491
60 5.36356278251444
60 5.56003249922922
60 9.34133533430564
60 9.69449372951643
60 12.3132568485159
60 8.93950835901933
60 9.32538416751503
60 20.5356216255138
60 10.5761229529477
60 9.34147964524424
60 10.8647853623402
60 25.6761893916895
60 6.71667164473461
60 7.30223520743314
60 16.141227862527
60 13.2488077468647
60 102.48737491973
60 9.3477459140394
60 8.76988812939546
60 10.9092072815785
70 8.57790069048887
70 15.4546809547505
70 6.41080454833327
70 7.67399856981848
70 12.598046668134
70 6.47892398596754
70 7.7014910761804
70 6.49728994146637
70 9.22848946378081
70 3.69930612640249
70 5.60298203199798
70 5.35349906122779
70 7.96164287944065
70 11.541038145172
70 8.79540182668107
70 3.81177597667267
70 7.89604826997109
70 6.07320006360331
70 9.16849964605143
70 8.60958416588297
80 4.07384790228078
80 5.95545778983006
80 5.11842699453478
80 6.76518699145349
80 4.66210679294571
80 2.27411203637799
80 18.3388542688022
80 4.64034878097914
80 5.62549788984917
80 12.8999921387002
80 7.6956795730094
80 18.5877458392774
80 5.94073750912056
80 7.10803102257839
80 4.52740775691025
80 3.94941606276841
80 5.05647429210632
80 5.08679009015098
80 4.33868337138713
80 6.99161795934236
90 6.84054925716775
90 3.16269517343692
90 2.83466289597826
90 5.37008760187617
90 2.66119630655576
90 4.6158458157376
90 2.93663860655402
90 3.2429889370754
90 3.09226997052086
90 5.6436526894648
90 2.35864996893833
90 5.8007669415615
90 3.61393749884615
90 3.18118359655208
90 5.80099217394892
90 5.40399000958389
90 2.65358928356245
90 4.84419532961411
90 3.86566498290251
90 3.67218064055712
100 4.72349708437335
100 3.5979460784634
100 4.12997453434022
100 2.48850447320847
100 4.31202971200189
100 5.72791922854579
100 2.8062802492305
100 3.47115837116449
100 2.33854101265358
100 3.20502478346434
100 3.66627014591088
100 3.26789946670124
100 4.70997229540541
100 2.59414397800892
100 2.0714204272592
100 4.36907776948368
100 4.28906186797634
100 2.59767288565291
100 5.62841525773405
100 4.28027539949366
120 2.38584891713524
120 2.59595437964572
120 1.87460403337047
120 3.30127558405804
120 1.39959150713122
120 1.24820088824676
120 3.48271468438114
120 2.52988887921588
120 2.71185340559814
120 1.4103111059389
120 1.08557689837914
120 2.74470907685823
120 1.88178270743583
120 2.33659637105796
120 1.56300606578345
120 2.4786099731015
120 1.94672708755541
120 2.2439671890177
120 1.84219923917161
120 2.18344147443988
140 1.21234921200951
140 2.23682069547866
140 1.28072896028208
140 1.46179446930096
140 1.76958632614522
140 1.05505780761896
140 0.609936050084762
140 1.11945124495571
140 1.5772538932668
140 1.94395807746786
140 0.961034605876642
140 0.923606151176532
140 1.70467842750707
140 0.709269184145301
140 1.79596141656401
140 2.0870864678412
140 1.30310412661986
140 0.595098772617606
140 0.771558158676582
140 1.76611112116009
160 0.669762049970201
160 0.265935203884208
160 0.956133149788402
160 0.865854098045382
160 0.356688420342119
160 1.516917517914
160 0.578423682634774
160 0.4823952725972
160 0.30148797781229
160 0.700404841684881
160 0.527348359179594
160 0.340424974561975
160 0.350694104493534
160 0.717396450120213
160 0.700404379007022
160 0.955592660947172
160 0.410890091448082
160 0.279220651014712
160 0.517623460796956
160 0.446970277020691
180 0.197432685770994
180 0.271155067324412
180 0.274673245118591
180 0.441125773746884
180 0.177023860122923
180 0.639879209319529
180 0.129325880295657
180 0.13489765094245
180 0.149506810653146
180 0.0916321663423697
180 0.140438954090036
180 0.0759834977847547
180 0.112235720455793
180 0.133044851319746
180 0.0984162486060325
180 0.0680801647345072
180 0.33619226597651
180 0.171982002080706
180 0.156019434935876
180 0.0953802132467697
190 0.000000000000023156002827189
190 0.0000000000000470512268965884
190 0.0000000000000353468317956026
190 0.00000000000000379876399468362
190 0.0000000000000250157047368637
190 0.0000000000000453179113053702
190 0.0000000000000480838732691685
190 0.0000000000000429226852695923
190 0.00000000000000342778549572718
190 0.00000000000000730472755598831
190 0.0000000000000565681510548005
190 0.0000000000000256516783577113
190 0.0000000000000174249318029223
190 0.0000000000000687584432900805
190 0.00000000000000869064259414054
190 0.0000000000000250692316987285
190 0.0000000000000138635696696815
190 0.0000000000000424051424652677
190 0.0000000000000350980639955632
190 0.0000000000000334759398019633